left: (0, 1), -5: (0, -4)
right: (4, 2), +5 (4, 7)
top: (3, 4), +5: (3, 9)
bottom: (1, 0), -5: (1, -5)
left_top: 4.58257569496, 5: 9.0
top_right: 6.7082039325, 5: 12.449899598
right_bottom: 4.58257569496, 5: 9.53939201417
bottom_left: 1.41421356237, 5: 6.48074069841
Case 1: no solution
left: (0, 1), -5: (0, -4)
right: (0, 1), +5 (0, 6)
top: (0, 4), +5: (0, 9)
bottom: (0, 1), -5: (0, -4)
left_top: 1.41421356237, 5: 7.21110255093
top_right: 4.12310562562, 5: 10.8166538264
right_bottom: 1.41421356237, 5: 7.21110255093
bottom_left: 1.41421356237, 5: 5.65685424949
Case 2: no solution
